System:		Cr-Mo
FileName: 	PhaseData.txt
Author	:	VJ
Last Edited: 2015-11-20
Format:--------------------------------------------------------------------------- 
S.No.	PId-Ins	ElementA    ElementB	Database	vibration	np	Multiplicity                    Boolean-iaint                                                               ECIs 
#************************START#
L-RK-1  -    	Cr  Mo  sgte       4   0,0,0,0                 1,1,1,0                  15810,-6.714,6220,0 	EmatRKBIN.txt 
A2-T-1  -  	Cr  Mo  sgte        8   4.0,3.0,12.0,6.0,1.0    1,0,1,1,1,0,1,1         -1281.583363,0,180.025509,0,0.316752,0,-0.067222,0 	EmatBCCmTBIN.txt 
//1 A2-ORC-1 	Cr  Mo  sgte  true   	138 4.0,3.0,6,12,4,12.0,12,4,12,24,8,24,48,24,24,8,3,8,24,24,6,2,6.0,6,12,48,24,48,24,24,6,8,24,24,6,2,24,24,8,12,48,48,24,48,24,24,24,24,8,12,12,4,24,24,48,24,24,4,3,12,12,4,8,24,8,8,1,4,1,1   1,0,0,0,0,1,0,0,0,0,0,0,0,0,0,0,0,0,0,0,0,0,1.0,0,0,0,0,0,0,0,0,0,0,0,0,0,0,0,0,0,0,0,0,0,0,0,0,0,0,0,0,0,0,0,0,0,0,0,0,0,0,0,0,0,0,0,0,0,0,1,0,0,0,0,1,0,0,0,0,0,0,0,0,0,0,0,0,0,0,0,0,0,0,0,0,0,0,0,0,0,0,0,0,0,0,0,0,0,0,0,0,0,0,0,0,0,0,0,0,0,0,0,0,0,0,0,0,0,0,0,0,0,0,0,0,0,0,0    -1289.553425,0,0,0,0,194.487745,0,0,0,0,0,0,0,0,0,0,0,0,0,0,0,0,0.0,0,0,0,0,0,0,0,0,0,0,0,0,0,0,0,0,0,0,0,0,0,0,0,0,0,0,0,0,0,0,0,0,0,0,0,0,0,0,0,0,0,0,0,0,0,0,0.314862,0,0,0,0,-0.070199,0,0,0,0,0,0,0,0,0,0,0,0,0,0,0,0,0,0,0,0,0,0,0,0,0,0,0,0,0,0,0,0,0,0,0,0,0,0,0,0,0,0,0,0,0,0,0,0,0,0,0,0,0,0,0,0,0,0,0,0,0,0,0
#************************STOP#
