0.25
0
0
0
0
0
0
0
0
-1
0.75
-0.25
0
0
0
0
0
0
0
0
0
0.25
0.25
0
0
0
0
0
0
0
0
1
-0.25
0
0.25
0
0
0
0
0
0
0
-1
0.75
0
-0.25
0
0
0
0
0
0
0
0
0.25
0
0.25
0
0
0
0
0
0
0
1
-0.25
0.375
0
-0.125
0
0
0
0
0
0
-0.75
0.5
-0.125
0
0.125
0
0
0
0
0
0
-0.25
0.25
-0.125
0
-0.125
0
0
0
0
0
0
0.25
0
0.375
0
0.125
0
0
0
0
0
0
0.75
-0.25
0.25
0.125
0
-0.125
0
0
0
0
0
-0.75
0.5
-0.25
0.125
0
0.125
0
0
0
0
0
-0.25
0.25
0
-0.125
0
0.125
0
0
0
0
0
-0.25
0.25
-0.25
0.125
0
-0.125
0
0
0
0
0
0.25
0
0
-0.125
0
-0.125
0
0
0
0
0
0.25
0
0.25
0.125
0
0.125
0
0
0
0
0
0.75
-0.25
0.375
0
-0.25
0
0.0625
0
0
0
0
-0.5
0.3125
0
0
0.125
0
-0.0625
0
0
0
0
-0.25
0.1875
-0.125
0
0
0
0.0625
0
0
0
0
0
0.0625
0
0
-0.125
0
-0.0625
0
0
0
0
0.25
-0.0625
0.375
0
0.25
0
0.0625
0
0
0
0
0.5
-0.1875
0.3125
0.0625
-0.125
-0.125
0
0.0625
0
0
0
-0.5
0.3125
-0.0625
0.0625
0.125
0
0
-0.0625
0
0
0
-0.25
0.1875
0.0625
-0.0625
0
0.125
0
-0.0625
0
0
0
-0.25
0.1875
-0.1875
0.0625
0.125
-0.125
0
0.0625
0
0
0
0
0.0625
-0.1875
0.0625
-0.125
0.125
0
0.0625
0
0
0
0
0.0625
-0.0625
-0.0625
0
0
0
0.0625
0
0
0
0
0.0625
-0.0625
0.0625
-0.125
0
0
-0.0625
0
0
0
0.25
-0.0625
0.0625
-0.0625
0
-0.125
0
-0.0625
0
0
0
0.25
-0.0625
0.3125
0.0625
0.125
0.125
0
0.0625
0
0
0
0.5
-0.1875
0.25
0.125
0
-0.25
0
0
0.0625
0
0
-0.5
0.3125
0
0
0
0.125
0
0
-0.0625
0
0
-0.25
0.1875
-0.25
0.125
0
0
0
0
0.0625
0
0
0
0.0625
0
-0.125
0
0
0
0
0.0625
0
0
0
0.0625
0
0
0
-0.125
0
0
-0.0625
0
0
0.25
-0.0625
0.25
0.125
0
0.25
0
0
0.0625
0
0
0.5
-0.1875
0.25
0.0625
-0.125
-0.1875
0
0.125
0.03125
-0.03125
0
-0.3125
0.1875
0
0.0625
0.125
-0.0625
0
-0.125
0.03125
0.03125
0
-0.1875
0.125
0.0625
0
0
0.0625
0
-0.0625
-0.03125
0.03125
0
-0.1875
0.125
-0.125
0.0625
0.125
-0.0625
0
0
0.03125
-0.03125
0
-0.0625
0.0625
-0.0625
0
0
0.0625
0
0.0625
-0.03125
-0.03125
0
-0.0625
0.0625
0
-0.0625
0
0.0625
0
0
0.03125
-0.03125
0
-0.0625
0.0625
-0.125
0.0625
-0.125
0.0625
0
0
0.03125
0.03125
0
0.0625
0
-0.0625
0
0
-0.0625
0
0.0625
-0.03125
0.03125
0
0.0625
0
0
-0.0625
0
-0.0625
0
0
0.03125
0.03125
0
0.0625
0
0
0.0625
-0.125
0.0625
0
-0.125
0.03125
-0.03125
0
0.1875
-0.0625
0.0625
0
0
-0.0625
0
-0.0625
-0.03125
-0.03125
0
0.1875
-0.0625
0.25
0.0625
0.125
0.1875
0
0.125
0.03125
0.03125
0
0.3125
-0.125
0.1875
0.046875
-0.125
-0.1875
0
0.1875
0.046875
-0.09375
0.015625
-0.1875
0.109375
0.0625
0.015625
0
0
0
-0.0625
-0.015625
0.0625
-0.015625
-0.125
0.078125
-0.0625
0.046875
0.125
-0.0625
0
-0.0625
0.046875
-0.03125
0.015625
-0.0625
0.046875
0
-0.015625
0
0.0625
0
0
-0.015625
-0.03125
0.015625
-0.0625
0.046875
0
-0.046875
0
0
0
0
0.046875
0
-0.015625
0
0.015625
-0.0625
0.015625
0
0
0
0.0625
-0.015625
0
-0.015625
0
0.015625
-0.0625
0.046875
-0.125
0.0625
0
-0.0625
0.046875
0.03125
0.015625
0.0625
-0.015625
0
-0.015625
0
-0.0625
0
0
-0.015625
0.03125
0.015625
0.0625
-0.015625
0.0625
0.015625
0
0
0
-0.0625
-0.015625
-0.0625
-0.015625
0.125
-0.046875
0.1875
0.046875
0.125
0.1875
0
0.1875
0.046875
0.09375
0.015625
0.1875
-0.078125
0
0
0
0
0
0
0
0
0
-1
1
0
0
0
0
0
0
0
0
0
1
0
