FileName: 	EmatCPHmTOBIN.txt
Author	:	Abhinav
Updates	:

Comments:	

Format:--------------------------------------------------------------------------- 
#************************START#
1.0 	0 	0 	0       0 	0 	0 	0       0       0       0       0       0       0 	0 	0 	0 	0 	0 	0 	0 	0       0       0       0       0
0 	1.0 	0 	0	0 	0 	0 	0 	0       0       0       0       0       0 	0 	0 	0 	0 	0 	0 	0 	0       0       0       0       0
0 	0 	1.0 	0 	0 	0 	0 	0 	0       0       0       0       0       0 	0 	0 	0 	0 	0 	0 	0 	0       0       0       0       0
0	0 	0 	1.0 	0 	0 	0 	0 	0       0       0       0       0       0 	0 	0 	0 	0 	0 	0 	0 	0       0       0       0       0
0 	0 	0 	0 	1.0 	0 	0 	0 	0       0       0       0       0       0 	0 	0 	0 	0 	0 	0 	0 	0       0       0       0       0
0 	0 	0 	0 	0 	1.0 	0 	0       0       0       0       0       0       0 	0 	0 	0 	0 	0 	0 	0 	0       0       0       0       0
0 	0 	0 	0       0 	0 	1.0 	0       0       1.0       0       0       0       0 	0 	0 	0 	0 	0 	0 	0 	0       0       0       0       0
0 	0 	0 	0 	0 	0 	0 	1.0     0       0       0       0       0       0 	0 	0 	0 	0 	0 	0 	0 	0       0       0       0       0
0 	0 	0 	0 	0 	0 	0 	0       1.0     1.0       0       0       0       0 	0 	0 	0 	0 	0 	0 	0 	0       0       0       0       0
0 	0 	0 	0 	0 	0 	0 	0       0       1.0     0       0       0       0 	0 	0 	0 	0 	0 	0 	0 	0       0       0       0       0
0 	0 	0 	0 	0 	0 	0 	0 	0       0       1.0     0       0       0 	0 	0 	0 	0 	0 	0 	0 	0       0       0       0       0
0 	0 	0 	0 	0 	0 	0 	0 	0       0       0       1.0     1.0     0 	0 	0 	0 	0 	0 	0 	0 	0       0       0       0       0
0 	0 	0 	0 	0 	0 	0 	0 	0       0       0       0       1       0 	0 	0 	0 	0 	0 	0 	0 	0       0       0       0       0
0 	0 	0 	0 	0 	0 	0 	0 	0       0       0       0       0       1.0 	0 	0 	0       0 	0 	0 	0       0       0       0       0       0
0 	0 	0 	0 	0 	0 	0 	0	0       0       0       0       0       0 	1.0 	0 	0	0 	0 	0 	0 	0       0       0       0       0
0 	0 	0 	0 	0 	0 	0 	0 	0       0       0       0       0       0 	0 	1.0 	0 	0 	0 	0 	0 	0       0       0       0       0       
0 	0 	0 	0 	0 	0 	0 	0 	0       0       0       0       0 	0 	0 	0 	1.0 	0 	0 	0 	0       0       0       0       0       0 
0 	0 	0 	0 	0 	0 	0 	0 	0       0       0       0       0       0 	0 	0 	0 	1.0 	0 	0 	0 	0       0       0       0       0
0 	0 	0 	0 	0 	0 	0 	0 	0       0       0       0       0       0 	0 	0 	0 	0 	1.0 	0 	0 	0       0       0       0       0
0 	0 	0 	0 	0 	0 	0 	0 	0       0       0       0       0       0 	0 	0 	0 	0 	0 	1.0 	0 	0       1.0       0       0       0
0 	0 	0 	0 	0 	0 	0 	0 	0       0       0       0       0       0 	0 	0 	0 	0 	0 	0 	1.0 	0       0       0       0       0
0 	0 	0 	0 	0 	0 	0 	0 	0       0       0       0       0       0 	0 	0 	0 	0 	0 	0 	0 	1.0     1.0       0       0       0
0 	0 	0 	0 	0 	0 	0 	0 	0       0       0       0       0       0 	0 	0 	0 	0 	0 	0 	0 	0       1.0     0       0       0
0 	0 	0 	0 	0 	0 	0 	0 	0       0       0       0       0       0 	0 	0 	0 	0 	0 	0 	0 	0       0       1.0     0       0
0 	0 	0 	0 	0 	0 	0 	0 	0       0       0       0       0 	0 	0 	0 	0 	0 	0 	0 	0       0       0       0       1.0     1.0
0 	0 	0 	0 	0 	0 	0 	0 	0       0       0       0       0       0 	0 	0 	0 	0 	0 	0 	0 	0       0       0       0       1.0
#************************STOP#

#************************START#
1.0 	0 	0 	0 		0 	0 	0 	0 		0           0       0       0       0       0   0   0 0 0 0 0 0 0 0 0 0 0
1.0 	1.0 	0 	0		0 	0 	0 	0 		0           0       0       0       0       0   0 0 0 0 0 0 0 0 0 0 0 0
0 	0 	1.0 	0 		0 	0 	0 	0 		0           0       0       0       0       0   0 0 0 0 0 0 0 0 0 0 0 0
0	0 	0 	1.0 		0 	0 	0 	0 		0           0       0       0       0       0   0 0 0 0 0 0 0 0 0 0 0 0
0 	0 	0 	1 		1.0 	0 	0 	0 		0           0       0       0       0       0   0 0 0 0 0 0 0 0 0 0 0 0
0 	0 	0 	1 		0 	1.0 	0 	0 		0           0       0       0       0       0   0 0 0 0 0 0 0 0 0 0 0 0
0 	0 	0 	0.3333333 	0 	0 	1.0 	0 		0           0       0       0       0       0   0 0 0 0 0 0 0 0 0 0 0 0
0 	0 	0 	0 		0 	0 	0 	1.0 		0           0       0       0       0       0   0 0 0 0 0 0 0 0 0 0 0 0
0 	0 	0 	0 		0 	0 	0 	0.3333333	1.0         0       0       0       0       0   0 0 0 0 0 0 0 0 0 0 0 0
0 	0 	0 	0 		0 	0 	0 	0.3333333	0           1.0     0       0       0       0   0 0 0 0 0 0 0 0 0 0 0 0
0 	0 	0 	0 		0 	0 	0 	0 		0           0       1.0     0       0       0   0 0 0 0 0 0 0 0 0 0 0 0
0 	0 	0 	0 		0 	0 	0 	0 		0           0       0       1.0     0       0   0 0 0 0 0 0 0 0 0 0 0 0
0 	0 	0 	0 		0 	0 	0 	0 		0           0       0       0       1.0     0   0 0 0 0 0 0 0 0 0 0 0 0
0 	0 	0 	0 		0 	0 	0 	0 		0           0       0       0       0       1.0 0 	0 	0 		0 	0 	0 	0 		0 		0 	0 	0 	0
0 	0 	0 	0 		0 	0 	0 	0		0           0       0       0       0       1.0 1.0 	0 	0		0 	0 	0 	0 		0 		0 	0 	0 	0
0 	0 	0 	0 		0 	0 	0 	0 		0           0       0       0       0       0 	0 	1.0 	0 		0 	0 	0 	0 		0 		0 	0 	0 	0
0 	0 	0 	0 		0 	0 	0 	0 		0           0       0       0       0       0	0 	0 	1.0 		0 	0 	0 	0 		0 		0 	0 	0 	0 
0 	0 	0 	0 		0 	0 	0 	0 		0           0       0       0       0       0 	0 	0 	1 		1.0 	0 	0 	0 		0 		0 	0 	0 	0
0 	0 	0 	0 		0 	0 	0 	0 		0           0       0       0       0       0 	0 	0 	1 		0 	1.0 	0 	0 		0 		0 	0 	0 	0
0 	0 	0 	0 		0 	0 	0 	0 		0           0       0       0       0       0 	0 	0 	0.3333333 	0 	0 	1.0 	0 		0 		0 	0 	0 	0
0 	0 	0 	0 		0 	0 	0 	0 		0           0       0       0       0       0 	0 	0 	0 		0 	0 	0 	1.0 		0 		0 	0 	0 	00
0 	0 	0 	0 		0 	0 	0 	0 		0           0       0       0       0       0 	0 	0 	0 		0 	0 	0 	0.3333333	1.0 		0 	0 	0 	0
0 	0 	0 	0 		0 	0 	0 	0 		0           0       0       0       0       0 	0 	0 	0 		0 	0 	0 	0.3333333	0 	 	1.0 	0 	0 	0
0 	0 	0 	0 		0 	0 	0 	0 		0           0       0       0       0       0 	0 	0 	0 		0 	0 	0 	0 		0 		0 	1.0 	0 	0
0 	0 	0 	0 		0 	0 	0 	0 		0           0       0       0       0       0 	0 	0 	0 		0 	0 	0 	0 		0 		0 	0 	1.0 	0
0 	0 	0 	0 		0 	0 	0 	0 		0           0       0       0       0       0 	0 	0 	0 		0 	0 	0 	0 		0 		0 	0 	0 	1.0 
#************************STOP#
#************************START#
0.5 	0.5 	0 	0 		0 	0 		0 	0 	0 	0 	0 	0 	0 	0 0 0 0 0 0 0 0 0 0 0 0 0
0.5 	-0.5 	0 	0		0 	0 		0 	0 	0 	0 	0 	0 	0 	0 0 0 0 0 0 0 0 0 0 0 0 0
0 	0 	1 	0 		0 	0 		0 	0 	0 	0 	0 	0 	0 	0 0 0 0 0 0 0 0 0 0 0 0 0
0	0 	0 	0.1666667 	0.5 	0.3333333 	0 	0 	0 	0 	0 	0 	0 	0 0 0 0 0 0 0 0 0 0 0 0 0
0 	0 	0 	0.1666667 	-0.5 	0.3333333 	0 	0 	0 	0 	0 	0 	0 	0 0 0 0 0 0 0 0 0 0 0 0 0
0 	0 	0 	-0.3333333 	0 	0.3333333 	0 	0 	0 	0 	0 	0 	0 	0 0 0 0 0 0 0 0 0 0 0 0 0
0 	0 	0 	0 		0 	0 		1 	0 	0 	0 	0 	0 	0 	0 0 0 0 0 0 0 0 0 0 0 0 0
0 	0 	0 	0 		0 	0 		0 	1 	0 	0 	0 	0 	0 	0 0 0 0 0 0 0 0 0 0 0 0 0
0 	0 	0 	0 		0 	0 		0 	0 	-0.5 	0.5 	0 	0 	0 	0 0 0 0 0 0 0 0 0 0 0 0 0
0 	0 	0 	0 		0 	0 		0 	0 	0.5 	0.5 	0 	0 	0 	0 0 0 0 0 0 0 0 0 0 0 0 0
0 	0 	0 	0 		0 	0 		0 	0 	0 	0 	1 	0 	0 	0 0 0 0 0 0 0 0 0 0 0 0 0
0 	0 	0 	0 		0 	0 		0 	0 	0 	0 	0 	1 	0 	0 0 0 0 0 0 0 0 0 0 0 0 0
0 	0 	0 	0 		0 	0 		0 	0 	0 	0 	0 	0 	1 	0 0 0 0 0 0 0 0 0 0 0 0 0
0 	0 	0 	0 		0 	0 		0 	0 	0 	0 	0 	0 	0 	0.5 0.5 0 0 0 0 0 0 0 0 0 0 0
0 	0 	0 	0 		0 	0 		0 	0	0 	0 	0 	0 	0 	0.5 -0.5 0 0 0 0 0 0 0 0 0 0 0
0 0 0 0 0 0 0 0 0 0 0 0 0 0 0 1 0 0 0 0 0 0 0 0 0 0
0 0 0 0 0 0 0 0 0 0 0 0 0 0 0 0 0.1666667 0.5 0.3333333 0 0 0 0 0 0 0
0 0 0 0 0 0 0 0 0 0 0 0 0 0 0 0 0.1666667 -0.5 0.3333333 0 0 0 0 0 0 0
0 0 0 0 0 0 0 0 0 0 0 0 0 0 0 0 -0.3333333 0 0.3333333 0 0 0 0 0 0 0
0 0 0 0 0 0 0 0 0 0 0 0 0 0 0 0 0 0 0 1 0 0 0 0 0 0
0 0 0 0 0 0 0 0 0 0 0 0 0 0 0 0 0 0 0 0 1 0 0 0 0 0
0 0 0 0 0 0 0 0 0 0 0 0 0 0 0 0 0 0 0 0 0 -0.5 0.5 0 0 0
0 0 0 0 0 0 0 0 0 0 0 0 0 0 0 0 0 0 0 0 0 0.5 0.5 0 0 0
0 0 0 0 0 0 0 0 0 0 0 0 0 0 0 0 0 0 0 0 0 0 0 1 0 0
0 0 0 0 0 0 0 0 0 0 0 0 0 0 0 0 0 0 0 0 0 0 0 0 1 0
0 0 0 0 0 0 0 0 0 0 0 0 0 0 0 0 0 0 0 0 0 0 0 0 0 1
#************************STOP#