FileName: 	EmatFCCmTOBIN.txt
Author	:	Shivam
Updates	:
Format:--------------------------------------------------------------------------- 

#************************START#
1.0  0.0  0.0  0.0  0.0  0.0  0.0  0.0  0.0  0.0  0.0  0.0  0.0  0.0  0.0  0.0  0.0  0.0
0.0  1.0  0.0  0.0  0.0  0.0  0.0  0.0  0.0  0.0  0.0  0.0  0.0  0.0  0.0  0.0  0.0  0.0
0.0  0.0  1.0  0.0  0.0  0.0  0.0  0.0  0.0  0.0  0.0  0.0  0.0  0.0  0.0  0.0  0.0  0.0
0.0  0.0  0.0  1.0  0.0  0.0  0.0  0.0  0.0  0.0  0.0  0.0  0.0  0.0  0.0  0.0  0.0  0.0
0.0  0.0  0.0  0.0  1.0  0.0  0.0  0.0  0.0  0.0  0.0  0.0  0.0  0.0  0.0  0.0  0.0  0.0 
0.0  0.0  0.0  0.0  0.0  1.0  0.0  0.0  0.0  0.0  0.0  0.0  0.0  0.0  0.0  0.0  0.0  0.0 
0.0  0.0  0.0  0.0  0.0  0.0  1.0  0.0  0.0  0.0  0.0  0.0  0.0  0.0  0.0  0.0  0.0  0.0
0.0  0.0  0.0  0.0  0.0  0.0  0.0  1.0  0.0  0.0  0.0  0.0  0.0  0.0  0.0  0.0  0.0  0.0
0.0  0.0  0.0  0.0  0.0  0.0  0.0  0.0  1.0  0.0  0.0  0.0  0.0  0.0  0.0  0.0  0.0  0.0
0.0  0.0  0.0  0.0  0.0  0.0  0.0  0.0  0.0  1.0  0.0  0.0  0.0  0.0  0.0  0.0  0.0  0.0
0.0  0.0  0.0  0.0  0.0  0.0  0.0  0.0  0.0  0.0  1.0  0.0  0.0  0.0  0.0  0.0  0.0  0.0
0.0  0.0  0.0  0.0  0.0  0.0  0.0  0.0  0.0  0.0  0.0  1.0  0.0  0.0  0.0  0.0  0.0  0.0
0.0  0.0  0.0  0.0  0.0  0.0  0.0  0.0  0.0  0.0  0.0  0.0  1.0  0.0  0.0  0.0  0.0  0.0
0.0  0.0  0.0  0.0  0.0  0.0  0.0  0.0  0.0  0.0  0.0  0.0  0.0  1.0  0.0  0.0  0.0  0.0 
0.0  0.0  0.0  0.0  0.0  0.0  0.0  0.0  0.0  0.0  0.0  0.0  0.0  0.0  1.0  0.0  0.0  0.0 
0.0  0.0  0.0  0.0  0.0  0.0  0.0  0.0  0.0  0.0  0.0  0.0  0.0  0.0  0.0  1.0  0.0  0.0
0.0  0.0  0.0  0.0  0.0  0.0  0.0  0.0  0.0  0.0  0.0  0.0  0.0  0.0  0.0  0.0  1.0  0.0
0.0  0.0  0.0  0.0  0.0  0.0  0.0  0.0  0.0  0.0  0.0  0.0  0.0  0.0  0.0  0.0  0.0  1.0
#************************STOP#
#************************START#
1.0  	0.0  	0.0  	 0.0  	0.0  	 0.0  	0.0  	0.0  	0.0	0.0  	0.0  	0.0  	 0.0  	0.0  	 0.0  	0.0  	0.0  	0.0
0.0  	1.0  	0.0  	 0.0  	0.0  	 0.0  	0.0  	0.0  	0.0	0.0  	0.0  	0.0  	 0.0  	0.0  	 0.0  	0.0  	0.0  	0.0
0.0  	0.0  	1.0  	 0.0  	0.0  	 0.0  	0.0  	0.0  	0.0	0.0  	0.0  	0.0  	 0.0  	0.0  	 0.0  	0.0  	0.0  	0.0
0.0  	0.0  	0.333333 1.0  	0.0  	 0.0  	0.0  	0.0  	0.0	0.0  	0.0  	0.0  	 0.0  	0.0  	 0.0  	0.0  	0.0  	0.0
0.0  	0.0  	0.0  	 0.0  	1.0  	 0.0  	0.0  	0.0  	0.0	0.0  	0.0  	0.0  	 0.0  	0.0  	 0.0  	0.0  	0.0  	0.0 
0.0  	0.0  	0.0  	 0.0  	0.333333 1.0  	0.0  	0.0  	0.0	0.0  	0.0  	0.0  	 0.0  	0.0  	 0.0  	0.0  	0.0  	0.0 
0.0  	0.0  	0.0  	 0.0  	0.0  	 0.0  	1.0  	0.0  	0.0	0.0  	0.0  	0.0  	 0.0  	0.0  	 0.0  	0.0  	0.0  	0.0
0.0  	0.0  	0.0  	 0.0  	0.0  	 0.0  	0.0  	1.0  	0.0	0.0  	0.0  	0.0  	 0.0  	0.0  	 0.0  	0.0  	0.0  	0.0
0.0  	0.0  	0.0  	 0.0  	0.0  	 0.0  	0.0  	0.0  	1.0	0.0  	0.0  	0.0  	 0.0  	0.0  	 0.0  	0.0  	0.0  	0.0
0.0  	0.0  	0.0  	 0.0  	0.0  	 0.0  	0.0  	0.0  	0.0	1.0  	0.0  	0.0  	 0.0  	0.0  	 0.0  	0.0  	0.0  	0.0
0.0  	0.0  	0.0  	 0.0  	0.0  	 0.0  	0.0  	0.0  	0.0	0.0  	1.0  	0.0  	 0.0  	0.0  	 0.0  	0.0  	0.0  	0.0
0.0  	0.0  	0.0  	 0.0  	0.0  	 0.0  	0.0  	0.0  	0.0	0.0  	0.0  	1.0  	 0.0  	0.0  	 0.0  	0.0  	0.0  	0.0
0.0  	0.0  	0.0  	 0.0  	0.0  	 0.0  	0.0  	0.0  	0.0	0.0  	0.0  	0.333333 1.0  	0.0  	 0.0  	0.0  	0.0  	0.0
0.0  	0.0  	0.0  	 0.0  	0.0  	 0.0  	0.0  	0.0  	0.0	0.0  	0.0  	0.0  	 0.0  	1.0  	 0.0  	0.0  	0.0  	0.0 
0.0  	0.0  	0.0  	 0.0  	0.0  	 0.0  	0.0  	0.0  	0.0	0.0  	0.0  	0.0  	 0.0  	0.333333 1.0  	0.0  	0.0  	0.0 
0.0  	0.0  	0.0  	 0.0  	0.0  	 0.0  	0.0  	0.0  	0.0	0.0  	0.0  	0.0  	 0.0  	0.0  	 0.0  	1.0  	0.0  	0.0
0.0  	0.0  	0.0  	 0.0  	0.0  	 0.0  	0.0  	0.0  	0.0	0.0  	0.0  	0.0  	 0.0  	0.0  	 0.0  	0.0  	1.0  	0.0
0.0  	0.0  	0.0  	 0.0  	0.0  	 0.0  	0.0  	0.0  	0.0	0.0  	0.0  	0.0  	 0.0  	0.0  	 0.0  	0.0  	0.0  	1.0
#************************STOP#