
#************************START#
1.		0.  	0.	0.          0.		0.	0.	0.
0.0		1.  	0. 	0.          0.  	0.  	0.  	0.
0.   		0. 	1. 	0.6666667   0.  	0.  	0.  	0.
0.       	0. 	0.  	1.          0.  	0.  	0.   	0.
0.       	0.   	0.  	0.          1.  	0.   	0.  	0.
0.       	0.	0. 	0.          0.0 	1.	0.  	0.
0.        	0. 	0.  	0.          0.        	0.  	1.   	0.6666667
0.       	0. 	0.  	0.          0.        	0.  	0.  	1.
#************************STOP#
#************************START#
1.		0.  	0.	0.	0.		0.	0.	0.
0.6666667	1.  	0. 	0.  	0.  		0.  	0.  	0.
0.   		0. 	1. 	0. 	0.  		0.  	0.  	0.
0.       	0. 	0.  	1.   	0.  		0.  	0.   	0.
0.       	0.   0.  	0.  	1.  		0.   	0.  	0.
0.       	0.	0. 	0.   	0.6666667 	1.	0.  	0.
0.        	0. 	0.  	0.   	0.        	0.  	1.   	0.
0.       	0. 	0.  	0.   	0.        	0.  	0.  	1.
#************************STOP#
#************************START#
1.		0.  		0.		0.          	0.		0.		0.		0.
0.0		1.  		0. 		0.          	0.  		0.  		0.  		0.
0.   		0. 		1. 		0   		0.  		0.  		0.  		0.
0.       	0. 		0.  		1.          	0.  		0.  		0.   		0.
0.       	0.   		0.  		0.          	1.  		0.   		0.  		0.
0.       	0.		0. 		0.          	0.0 		1.		0.  		0.
0.        	0. 		0.  		0.          	0.        	0.  		1.   		0.0
0.       	0. 		0.  		0.          	0.        	0.  		0.  		1.
#************************STOP#
