System  :   Nb-Ti
FileName:   PhaseData.txt			
Author	:	Vivek		
Version	:	2013.02.12
Format:--------------------------------------------------------------------------- 			
PId-Ins	Element A	Element B	Database	vibration	np	Multiplicity	Boolean-iaint	ECIs 
#************************START#	
A2-T-1	   Nb	Ti  sgte		8	6,12,3,4,1                      1,0,0,1,0,0,0,0                                            0,0,0,-700,0,0,0,0   EmatBCCmTBIN.txt
A3-TO-1	   Nb	Ti  sgte		26	1,6,3,6,6,2,1,12,1,6,3,3,3,1	0,0,0,0,0,0,0,0,0,0,0,0,1,0,0,0,0,0,0,0,0,0,0,0,0,0        0,0,0,0,0,0,0,0,0,0,0,0,-800,0,0,0,0,0,0,0,0,0,0,0,0,0    EmatCPHmTOBIN.txt
L-RK-1	   Nb	Ti  sgte		4	0,0,0,0         1,0,0,0         16000,0,0,0	EmatRKBIN.txt
#************************STOP#
0	A2-T-1	Nb	Ti	sgte	true	8	4,3,12,6,1                      1,0,0,1,0,0,0,0                                            -669.0,0.0,-165,0.0,0.0,0.0,0.0,0.0
1	A3-TO-1	Nb	Ti	sgte	true	26	3,3,3,1,1,6,12,2,6,6,3,6,1,1	1,0,0,0,0,0,0,0,0,0,0,0,0,0,0,0,0,0,0,0,0,0,0,0,0,0      -1742,0.0,0.0,0.0,0.0,0.0,0.0,0.0,0.0,0.0,0.0,0.0,0.0,0.0,0.0,0.0,0.0,0.0,0.0,0.0,0.0,0.0,0.0,0.0,0.0,0.0
2	L-RK-1	Nb	Ti	sgte	true	4	0,0,0,0                         1,0,0,0                                                    15223,0.0,0.0,0.0
